VOCdevkit/VOC2007/JPEGImages/69.jpg 106,1101,426,1299,3 1541,1049,1864,1299,3 1478,793,1802,1126,3 145,886,483,1180,3 241,710,470,903,2 306,511,577,731,2 443,329,649,558,1 774,122,1030,325,1 568,187,794,384,1 1032,117,1268,332,1 1224,225,1438,433,1 1359,372,1572,617,1 1450,638,1696,839,2
VOCdevkit/VOC2007/JPEGImages/235.jpg 222,1088,486,1276,3 252,841,561,1148,4 1601,1058,1872,1299,4 1469,843,1768,1167,4 1430,649,1700,886,2 1366,449,1636,668,2 309,656,574,874,2 384,462,643,685,1 489,286,685,507,1 643,191,854,384,1 823,104,1059,315,2 1053,104,1283,338,1 1211,274,1408,454,1 1390,249,1578,457,1
VOCdevkit/VOC2007/JPEGImages/138.jpg 68,17,426,364,3 1558,52,1908,389,3 201,339,544,650,4 1445,354,1779,661,4 333,609,627,924,3 1386,632,1657,947,4 1319,842,1493,1020,4 498,851,678,1053,3 661,928,856,1104,1 1152,922,1326,1086,1 848,971,1002,1113,0 1004,966,1158,1115,0
VOCdevkit/VOC2007/JPEGImages/217.jpg 89,939,387,1194,4 1634,1020,1879,1265,4 1516,841,1812,1115,3 160,733,461,1047,4 339,480,602,705,2 1519,675,1776,862,2 1456,520,1713,732,2 454,321,667,549,1 601,227,814,422,1 792,163,1028,361,1 1027,164,1273,348,1 1253,231,1466,426,1 1399,348,1607,574,2
VOCdevkit/VOC2007/JPEGImages/4.jpg 52,0,273,293,2 125,194,440,517,2 1438,76,1775,388,3 1640,0,1777,134,3 220,481,490,691,2 309,656,581,884,2 1463,376,1736,567,2 1418,565,1704,775,2 435,846,659,1102,1 1398,768,1623,1004,0 608,983,817,1188,0 810,1008,1062,1263,0 1059,997,1306,1223,0 1270,911,1477,1127,0
VOCdevkit/VOC2007/JPEGImages/30.jpg 76,0,394,196,4 1650,0,1936,176,4 132,169,473,497,3 1571,140,1893,445,3 1528,404,1803,708,3 271,443,552,751,3 400,697,626,946,2 1463,646,1685,894,2 538,869,737,1123,1 714,958,898,1159,1 1356,842,1562,1085,1 890,986,1065,1175,1 1217,940,1398,1154,1 1068,973,1231,1173,1
VOCdevkit/VOC2007/JPEGImages/200.jpg 251,846,517,1126,3 301,573,623,882,3 395,413,613,596,2 433,238,642,423,2 1360,425,1562,625,2 1366,594,1670,899,2 1479,907,1679,1147,3 1301,251,1491,460,2 551,98,715,287,1 684,107,842,283,1 825,86,962,241,1 963,83,1102,229,1 1069,117,1235,288,1 1176,137,1365,320,1
VOCdevkit/VOC2007/JPEGImages/106.jpg 355,188,452,274,2 433,193,508,295,1 461,156,579,288,1 552,145,665,299,1 788,76,989,270,1 1473,182,1557,288,1 1529,197,1581,273,1 340,252,539,433,3 338,380,597,621,3 1375,249,1598,388,3 1351,353,1584,567,3 1345,551,1532,695,2 443,583,651,727,2 488,716,696,869,2 1285,692,1492,843,2 581,847,734,989,1 1263,831,1429,994,1 683,947,833,1098,1 804,1015,997,1168,1 1019,1000,1202,1179,1 1178,951,1335,1096,1 660,139,798,294,0 1017,40,1206,244,0 1208,79,1351,260,0 1340,130,1439,291,0 1417,152,1511,281,0
VOCdevkit/VOC2007/JPEGImages/14.jpg 126,1071,390,1299,2 1586,990,1821,1256,3 138,820,413,1080,3 156,562,435,853,3 1520,745,1780,1032,2 1413,508,1685,809,3 1376,338,1570,548,2 1314,187,1505,380,1 252,427,459,615,1 338,296,536,485,1 440,158,633,346,1 1184,74,1385,278,1 640,97,758,214,0 776,51,967,219,0 998,28,1188,212,0
VOCdevkit/VOC2007/JPEGImages/228.jpg 88,1117,414,1293,4 88,919,456,1201,2 128,749,437,962,2 174,522,484,789,1 298,321,553,587,1 473,218,707,430,1 688,146,955,373,1 957,137,1219,380,3 1200,193,1428,398,1 1385,244,1635,521,1 1567,1026,1922,1266,4 1510,830,1873,1114,3 1493,664,1806,890,2 1418,467,1735,729,1
VOCdevkit/VOC2007/JPEGImages/47.jpg 60,25,419,388,2 1585,42,1944,420,3 165,353,443,631,2 1475,346,1777,596,2 288,559,566,844,1 1366,555,1651,831,1 429,779,641,1033,1 1275,757,1503,1015,1 1075,798,1276,1019,0 632,836,844,1057,0 779,998,967,1178,0 955,946,1133,1129,0
VOCdevkit/VOC2007/JPEGImages/64.jpg 161,1055,444,1299,3 1565,1031,1849,1299,3 1469,800,1766,1116,3 242,822,540,1132,3 314,670,563,855,2 360,484,592,683,2 1369,474,1611,680,2 1436,654,1661,850,2 418,277,632,497,1 564,187,767,379,1 714,76,959,292,1 942,115,1191,320,1 1180,177,1376,353,1 1309,279,1518,495,1
VOCdevkit/VOC2007/JPEGImages/137.jpg 0,923,365,1298,4 600,207,775,397,4 766,173,1019,360,4 1017,184,1224,345,4 1229,255,1425,431,4 233,761,396,903,4 243,402,547,731,4 426,283,605,468,1 1528,708,1912,1130,4 1471,489,1778,825,4
VOCdevkit/VOC2007/JPEGImages/155.jpg 133,41,448,310,4 211,287,552,615,4 1457,0,1774,262,4 1465,261,1797,580,4 346,560,610,785,2 390,752,636,996,1 1410,517,1670,739,2 1380,711,1625,956,1 510,923,701,1139,1 674,1008,862,1203,1 1291,890,1504,1128,1 844,1066,1019,1247,0 1017,1050,1195,1226,0 1177,1005,1374,1197,0
VOCdevkit/VOC2007/JPEGImages/218.jpg 121,51,437,342,4 1616,235,1891,485,4 184,313,490,609,4 1496,417,1801,728,3 1453,646,1687,873,3 1361,806,1576,1029,1 274,563,505,770,2 355,707,589,929,1 491,848,696,1078,1 624,981,793,1156,1 779,1024,938,1159,1 934,1044,1095,1165,1 1093,1018,1263,1173,1 1223,926,1424,1152,1
VOCdevkit/VOC2007/JPEGImages/19.jpg 149,1044,437,1296,4 197,807,495,1103,4 1591,1080,1863,1299,4 1537,826,1838,1133,4 245,621,511,831,2 1511,642,1782,846,2 310,424,568,643,2 1429,447,1704,668,2 1366,254,1586,490,1 416,263,642,494,1 582,123,779,321,1 756,41,1000,274,1 1000,43,1245,279,1 1215,134,1416,341,1
VOCdevkit/VOC2007/JPEGImages/52.jpg 164,958,515,1288,3 1525,912,1873,1245,3 208,752,497,976,2 1531,710,1827,930,1 290,553,566,782,1 384,327,595,571,1 1476,498,1742,729,1 552,207,769,441,0 1404,281,1622,513,0 720,79,1001,296,0 1006,35,1254,278,0 1204,171,1422,383,0
VOCdevkit/VOC2007/JPEGImages/120.jpg 457,342,681,530,3 491,530,718,674,3 1490,453,1710,654,4 1364,567,1607,774,3 1320,696,1515,851,2 532,602,715,752,2 581,683,744,857,2 1172,844,1319,1026,1 1260,759,1424,943,1 656,762,749,935,1 677,178,783,294,1 607,185,677,258,1 556,186,611,230,1 1433,222,1528,300,1 1595,247,1725,309,1 1505,233,1603,292,1 1324,207,1448,318,1 1209,179,1344,317,1 1110,182,1234,344,1 999,168,1115,346,1 881,162,997,321,1 766,171,888,327,1 751,800,881,966,1 862,817,975,988,1 977,848,1090,994,1 1078,810,1211,974,1
VOCdevkit/VOC2007/JPEGImages/29.jpg 118,1093,424,1299,3 124,840,451,1165,3 1575,820,1869,1157,3 1630,1060,1947,1299,3 209,644,481,906,2 283,480,554,688,2 418,342,571,526,1 1413,275,1627,506,2 529,123,736,354,1 713,49,962,276,1 970,51,1219,273,1 1215,123,1396,323,1
VOCdevkit/VOC2007/JPEGImages/241.jpg 178,972,451,1231,2 1518,1031,1786,1273,2 1425,831,1703,1105,2 243,752,517,1042,2 344,595,583,799,2 1434,656,1677,846,2 1377,479,1622,683,1 413,421,648,625,1 537,258,696,454,1 670,187,865,345,1 836,114,1055,310,1 1055,111,1270,305,1 1223,200,1403,367,1 1360,305,1530,501,1
VOCdevkit/VOC2007/JPEGImages/99.jpg 9,995,394,1299,4 1564,913,1927,1271,3 117,759,432,1059,3 205,566,488,788,4 1489,686,1803,1007,2 1396,500,1690,740,2 1401,276,1614,519,1 1169,231,1404,455,1 963,126,1235,358,1 682,159,963,377,1 492,241,727,456,1 350,402,582,640,2
VOCdevkit/VOC2007/JPEGImages/183.jpg 364,932,642,1180,4 440,680,700,946,4 1468,898,1713,1144,4 1383,657,1638,923,3 1348,509,1549,686,2 1276,354,1455,551,2 553,539,766,714,2 655,383,829,574,2 777,254,937,445,1 915,242,1045,380,1 1047,248,1182,380,1 1164,272,1321,436,1
VOCdevkit/VOC2007/JPEGImages/116.jpg 1579,750,1801,938,3 1499,646,1738,835,3 1475,533,1687,683,2 1409,418,1622,572,2 1417,254,1588,419,1 695,209,866,385,1 645,354,850,525,1 572,468,786,625,2 519,575,750,770,3 457,699,681,888,3 429,990,495,1098,2 479,985,548,1097,1 526,989,612,1122,1 1399,1000,1554,1211,1 591,1007,660,1157,1 811,161,970,300,1 965,149,1147,297,0 1142,135,1322,286,0 1278,202,1444,356,1 641,990,805,1239,0 756,1055,911,1256,0 903,1048,1096,1244,0 1093,1064,1258,1260,0 1229,1033,1401,1267,0 1579,985,1710,1114,1 1463,997,1595,1147,1
VOCdevkit/VOC2007/JPEGImages/265.jpg 90,918,435,1298,2 1557,1019,1901,1299,2 187,730,495,983,2 1530,822,1834,1057,2 1460,590,1776,845,2 272,510,580,773,2 556,231,797,440,1 1436,371,1682,612,1 1271,246,1513,424,1 1039,149,1307,380,0 763,152,1040,382,0
VOCdevkit/VOC2007/JPEGImages/154.jpg 140,1070,422,1288,4 215,843,517,1118,4 320,700,572,879,2 358,509,626,709,2 439,305,648,519,1 600,153,788,344,1 769,59,1002,266,1 1022,72,1255,277,1 1248,173,1432,365,1 1373,344,1567,548,1 1374,530,1630,729,2 1516,665,1760,850,2 1454,854,1752,1118,4 1590,1050,1789,1253,4
VOCdevkit/VOC2007/JPEGImages/35.jpg 119,15,470,369,3 1538,39,1867,384,3 259,309,608,663,4 1396,322,1743,665,3 345,650,580,909,1 1393,642,1645,876,2 437,855,663,1072,1 1307,826,1547,1067,1 1186,954,1407,1196,1 1044,1028,1234,1238,1 903,1041,1065,1236,1 592,969,769,1174,0 747,1038,901,1222,0
VOCdevkit/VOC2007/JPEGImages/266.jpg 152,104,439,345,2 1578,90,1875,377,3 1470,335,1812,644,3 179,318,506,616,2 284,557,557,768,2 1401,576,1677,794,2 1361,726,1612,963,2 1292,874,1460,1035,1 342,709,585,938,1 465,852,643,1021,1 636,894,814,1037,0 1109,903,1290,1040,0 781,942,943,1050,0 944,951,1118,1052,0
VOCdevkit/VOC2007/JPEGImages/167.jpg 194,889,456,1117,4 1377,896,1631,1124,4 1331,673,1608,916,5 281,677,572,938,5 408,545,620,739,5 1423,504,1609,711,2 490,418,694,621,2 586,290,761,484,1 752,316,923,502,1 1261,487,1465,648,1 1310,373,1443,516,1 550,1158,726,1299,1 450,1179,566,1264,1 1441,1237,1623,1299,2 725,1107,898,1299,0 854,1160,1016,1299,0 1013,1148,1165,1299,0 1164,1144,1321,1298,0 1307,1216,1439,1299,1 885,297,1036,433,0 1026,333,1176,471,0 1171,365,1326,515,0
VOCdevkit/VOC2007/JPEGImages/88.jpg 51,968,363,1259,2 1630,1012,1915,1274,3 77,740,396,1043,2 180,581,421,772,1 274,413,527,640,1 1469,416,1715,638,1 1561,587,1812,799,1 1609,750,1911,1067,2 398,240,615,461,1 539,144,745,324,1 1368,247,1576,471,0 712,79,968,259,1 994,82,1252,267,0 1238,141,1435,319,0
VOCdevkit/VOC2007/JPEGImages/62.jpg 8,3,346,251,3 79,180,422,509,3 1659,0,1991,179,3 1646,145,1975,435,3 192,459,511,692,2 1632,409,1930,624,2 309,643,624,893,1 1553,593,1865,840,1 438,864,697,1104,1 653,999,886,1215,0 862,1035,1144,1288,0 1131,1016,1425,1242,0 1371,971,1610,1193,0 1505,803,1769,1052,0
VOCdevkit/VOC2007/JPEGImages/25.jpg 86,0,478,315,4 1535,0,1913,360,4 201,279,535,639,2 1422,303,1764,653,2 353,580,607,865,2 1361,603,1610,909,2 482,817,658,1027,1 1289,836,1482,1034,1 596,991,794,1189,1 773,1020,974,1213,0 1154,986,1354,1178,0 976,1019,1165,1211,0
VOCdevkit/VOC2007/JPEGImages/260.jpg 23,5,341,305,3 86,280,420,611,3 1520,307,1852,643,3 1636,41,1945,339,4 223,572,452,822,1 1489,606,1715,854,1 327,778,542,997,0 509,933,708,1100,0 1355,770,1565,1006,1 703,1041,885,1154,0 1027,1018,1215,1138,0 1188,925,1383,1092,0
VOCdevkit/VOC2007/JPEGImages/177.jpg 240,923,543,1186,4 1504,973,1782,1173,4 1429,823,1706,1043,4 307,747,586,954,3 384,631,613,807,2 391,450,636,647,2 465,309,672,474,2 1450,670,1693,828,2 1431,479,1678,678,2 1400,293,1615,492,2 626,260,817,385,1 816,237,1035,372,1 1031,205,1254,368,1 1219,261,1421,409,1
VOCdevkit/VOC2007/JPEGImages/160.jpg 162,948,481,1275,3 218,750,498,967,3 303,551,568,779,2 1439,604,1704,833,2 1496,804,1769,1010,3 1517,993,1837,1288,4 411,346,624,583,1 575,232,792,460,1 764,167,1020,414,1 1022,170,1277,408,1 1234,252,1457,491,1 1387,389,1608,628,1
VOCdevkit/VOC2007/JPEGImages/114.jpg 0,886,300,1033,3 0,628,351,921,3 96,458,403,653,3 1594,566,1971,867,3 1579,394,1864,621,3 1517,215,1787,488,2 202,267,478,518,1 1433,72,1641,334,1 366,99,583,384,1 561,26,784,244,1 776,0,998,179,0 1041,0,1263,162,0 1258,0,1460,223,0 463,1215,663,1299,0 666,1186,911,1299,0 912,1166,1156,1299,0 1202,1141,1445,1299,0 1441,1121,1640,1299,0 1634,1101,1846,1299,0 1799,1115,1984,1299,0
VOCdevkit/VOC2007/JPEGImages/278.jpg 187,30,499,362,3 1567,96,1893,439,3 257,306,572,627,3 1448,385,1772,717,2 296,590,557,831,2 369,796,596,1039,1 1401,660,1680,893,2 479,984,673,1163,1 1350,850,1586,1087,1 1208,989,1413,1179,1 1036,992,1236,1150,1 908,1033,1075,1194,1 754,1067,944,1200,1 649,997,840,1159,1
VOCdevkit/VOC2007/JPEGImages/63.jpg 18,968,383,1263,4 1600,918,1963,1228,4 70,664,430,969,3 1551,619,1892,938,3 208,477,502,698,2 310,280,569,501,2 1492,428,1755,662,2 1415,227,1665,460,2 478,135,690,331,1 630,61,821,230,1 805,21,986,194,1 984,28,1165,194,1 1152,36,1360,213,1 1281,98,1488,290,1
VOCdevkit/VOC2007/JPEGImages/254.jpg 211,29,446,196,3 243,139,542,421,3 1468,189,1764,467,3 303,393,596,686,4 1399,438,1702,730,3 408,642,625,846,2 1371,677,1587,887,1 461,818,654,1014,1 604,877,792,1051,1 1303,843,1502,1058,1 1174,905,1353,1105,0 690,1009,846,1116,0 805,1085,949,1162,0 948,1065,1095,1165,0 1093,1042,1248,1152,0
VOCdevkit/VOC2007/JPEGImages/142.jpg 295,748,571,1010,4 1390,940,1671,1138,4 1378,761,1647,1002,4 412,634,642,822,3 387,474,628,671,2 468,310,665,519,1 606,215,803,379,1 743,118,975,305,1 966,147,1197,327,1 1155,222,1354,389,1 1320,256,1511,462,2 1320,459,1560,661,2 1364,630,1595,807,2 334,1058,430,1192,1 394,1033,539,1247,1 536,1067,701,1253,1 666,1114,907,1233,0 907,1108,1154,1259,0 1148,1165,1317,1275,0 1310,1189,1379,1269,0
VOCdevkit/VOC2007/JPEGImages/184.jpg 403,116,630,309,4 1484,108,1711,342,4 1410,288,1652,539,3 445,264,684,514,3 522,484,718,655,2 574,641,784,815,2 1392,687,1598,852,2 1396,528,1605,694,2 660,793,818,965,1 769,911,937,1080,1 1354,824,1513,996,1 1229,915,1377,1061,0 1085,994,1273,1167,0 901,989,1085,1154,0
VOCdevkit/VOC2007/JPEGImages/34.jpg 247,986,470,1281,3 1640,968,1949,1259,4 241,753,554,1053,2 1540,754,1846,1066,2 300,577,563,776,2 1525,583,1780,786,2 351,389,618,596,1 1442,401,1716,622,1 456,197,664,413,0 611,101,813,298,0 1023,38,1255,270,0 796,37,1023,270,0 1238,117,1431,297,1 1369,222,1580,437,1
VOCdevkit/VOC2007/JPEGImages/46.jpg 165,974,463,1297,3 1520,950,1849,1228,2 162,766,450,982,2 1517,736,1798,973,2 259,560,544,805,1 1416,523,1711,777,1 356,316,603,579,0 541,186,780,408,0 742,53,1019,322,0 744,56,1291,304,0 1229,244,1455,452,0 1436,268,1674,478,0
VOCdevkit/VOC2007/JPEGImages/223.jpg 118,1158,351,1299,4 41,923,368,1209,4 1674,954,1954,1244,4 1565,752,1896,1071,4 148,734,465,1030,3 183,578,443,764,3 1583,590,1827,807,2 1450,446,1713,672,2 1352,278,1576,498,2 272,422,540,646,2 384,255,615,465,2 574,201,772,345,1 760,140,1018,314,1 1019,140,1275,324,1 1256,193,1440,347,1
VOCdevkit/VOC2007/JPEGImages/101.jpg 157,113,459,436,4 1603,100,1861,424,4 257,397,568,728,3 1442,374,1752,711,3 361,706,599,935,2 1404,674,1642,917,2 1291,842,1506,1108,1 503,873,721,1094,1 675,986,859,1168,1 1172,969,1359,1156,1 1014,1007,1189,1179,1 841,1008,1014,1186,1
VOCdevkit/VOC2007/JPEGImages/149.jpg 221,0,495,280,4 255,266,534,533,4 1540,106,1818,386,4 1420,350,1723,617,4 1335,587,1622,853,5 305,500,604,808,3 436,755,666,980,3 594,1075,750,1233,2 1230,790,1479,992,2 711,1068,858,1221,1 823,1123,960,1260,1 959,1110,1087,1254,1 1074,1084,1236,1245,1 1164,1015,1350,1191,1 1295,980,1497,1168,2
VOCdevkit/VOC2007/JPEGImages/284.jpg 268,105,465,399,4 1539,159,1812,438,4 1671,17,1798,172,4 317,365,613,658,3 1444,414,1750,709,3 407,626,653,815,2 1371,664,1619,867,2 415,800,619,1020,1 1343,838,1556,1059,1 598,867,776,1055,0 1208,940,1391,1118,1 1037,940,1211,1097,0 940,1018,1094,1167,0 786,1032,947,1183,0 709,960,868,1113,0
VOCdevkit/VOC2007/JPEGImages/15.jpg 71,75,372,374,3 1800,95,1939,222,3 1639,237,1955,539,3 135,351,458,673,3 251,645,468,860,1 1501,480,1818,803,2 358,812,560,1042,1 552,958,725,1129,1 715,1045,855,1178,0 1044,1069,1211,1185,0 1176,971,1349,1169,1 1305,842,1513,1062,1 1464,752,1673,975,1
VOCdevkit/VOC2007/JPEGImages/89.jpg 185,800,522,1070,5 161,1007,472,1278,3 1565,1001,1867,1295,4 1498,774,1819,1077,4 1475,606,1736,802,2 278,627,537,810,2 338,433,611,648,2 1379,423,1650,642,2 440,255,629,465,1 1193,294,1398,509,2 1391,275,1553,458,3 1250,128,1430,301,2 608,165,782,339,1 761,99,1004,276,1 1006,101,1252,281,1
VOCdevkit/VOC2007/JPEGImages/171.jpg 239,994,501,1211,4 275,762,546,1027,4 1537,1032,1806,1266,4 1515,801,1782,1066,4 1486,664,1714,834,2 1419,500,1653,683,2 1377,327,1549,524,2 1269,200,1450,375,1 1065,169,1278,323,1 845,169,1064,323,1 680,204,857,370,1 555,307,733,503,1 455,481,678,665,2 388,638,598,820,2
VOCdevkit/VOC2007/JPEGImages/247.jpg 173,0,365,356,4 1639,56,1817,364,4 1498,333,1802,650,2 180,304,497,618,3 269,584,513,805,2 1428,598,1674,826,2 376,731,605,983,1 493,910,686,1140,1 1355,762,1596,1003,1 1310,953,1493,1171,1 665,1006,847,1160,0 1145,1015,1327,1171,0 995,1066,1168,1169,0 821,1066,994,1176,0
VOCdevkit/VOC2007/JPEGImages/9.jpg 28,5,359,333,4 1595,0,1940,315,3 1478,261,1849,619,4 228,457,450,729,2 1454,547,1673,764,3 325,628,563,911,1 1416,740,1654,979,1 485,793,697,1040,1 1247,842,1457,1076,1 603,935,805,1109,1 792,971,960,1151,1 1098,956,1301,1119,0 959,975,1131,1157,0
VOCdevkit/VOC2007/JPEGImages/205.jpg 317,1254,393,1299,0 388,1239,492,1299,0 478,1252,562,1299,0 666,1259,783,1296,0 550,1262,629,1299,0 192,1061,469,1176,4 220,854,522,1083,4 1568,1085,1795,1242,4 1483,882,1774,1126,4 1399,715,1692,991,3 319,673,616,968,4 407,561,651,731,2 437,385,678,581,2 1365,419,1600,609,2 1396,590,1627,759,2 496,190,706,409,1 666,133,854,299,1 821,62,1048,247,1 1052,51,1278,241,1 1217,140,1409,308,1 1351,217,1532,428,1
VOCdevkit/VOC2007/JPEGImages/53.jpg 157,116,403,394,3 1562,0,1776,258,3 1545,246,1775,544,4 228,356,500,687,3 363,654,580,863,2 1482,544,1701,740,2 473,828,692,1077,1 1428,728,1660,955,1 625,987,823,1198,1 779,1065,950,1230,0 944,1096,1097,1244,0 1097,1072,1240,1225,0 1238,1058,1398,1198,0 1330,904,1524,1113,0
VOCdevkit/VOC2007/JPEGImages/271.jpg 52,1003,388,1253,3 1604,1055,1946,1298,3 103,780,462,1103,3 1555,793,1918,1127,3 176,596,446,821,2 1523,631,1796,876,2 1430,432,1714,692,2 254,393,544,643,2 377,231,614,451,1 573,167,774,373,1 729,127,984,318,1 986,133,1243,338,1 1356,298,1589,512,1 1195,211,1409,399,1
VOCdevkit/VOC2007/JPEGImages/133.jpg 157,114,459,436,4 1603,100,1861,424,4 1441,376,1752,711,3 256,397,568,728,3 361,706,599,935,2 1404,674,1642,917,2 503,874,721,1097,1 1291,842,1505,1105,2 676,985,854,1168,1 1171,968,1359,1156,1 1014,1007,1190,1181,1 843,1009,1014,1187,1
VOCdevkit/VOC2007/JPEGImages/41.jpg 126,28,471,413,2 1504,43,1850,423,2 227,375,513,659,2 1460,378,1747,629,2 346,603,614,907,1 1369,578,1632,883,1 474,858,698,1131,1 1296,820,1498,1072,1 824,992,993,1211,1 689,855,885,1100,1 992,1032,1158,1229,0 1112,876,1298,1125,1
VOCdevkit/VOC2007/JPEGImages/83.jpg 141,31,446,333,4 1512,37,1813,357,4 1618,0,1866,69,4 205,297,527,629,3 1432,315,1746,637,3 320,594,550,811,2 1399,605,1631,818,2 379,782,608,1000,1 1346,789,1569,1001,1 509,946,711,1151,0 651,1035,840,1197,0 829,1051,1002,1217,0 1262,960,1453,1149,0 1137,1051,1303,1214,0 995,1049,1166,1201,0
VOCdevkit/VOC2007/JPEGImages/272.jpg 29,94,324,386,4 1672,106,1968,360,4 50,363,418,737,3 1631,342,1963,713,3 260,662,507,923,2 414,835,646,1097,2 1559,654,1802,906,2 1416,826,1649,1086,2 613,1012,829,1216,1 1235,998,1442,1225,1 848,1085,1032,1252,0 1034,1077,1224,1242,0
VOCdevkit/VOC2007/JPEGImages/194.jpg 140,991,468,1299,4 1520,1076,1844,1299,4 1497,803,1805,1142,3 1482,638,1727,841,3 1403,454,1651,676,5 1327,277,1537,497,2 1201,176,1378,334,3 961,123,1210,331,1 723,127,960,334,1 561,184,750,367,2 412,279,620,500,1 309,457,570,679,2 240,654,492,856,2
VOCdevkit/VOC2007/JPEGImages/166.jpg 445,861,719,1083,5 429,1011,701,1145,5 1550,832,1819,1083,4 501,730,724,903,3 564,607,813,790,2 574,414,762,627,1 720,362,893,533,0 893,325,1115,531,0 1116,331,1336,513,0 1330,370,1503,535,0 574,1101,729,1230,1 722,1052,910,1212,0 903,1032,1133,1195,0 1132,1039,1363,1185,0 1364,1054,1538,1184,0 1540,1078,1693,1198,1 1660,1113,1702,1196,0 1522,722,1747,888,2 1453,591,1689,775,2 1445,414,1642,633,2
VOCdevkit/VOC2007/JPEGImages/112.jpg 154,992,470,1272,4 181,735,499,1047,4 1504,1028,1824,1296,4 1488,769,1801,1061,4 264,563,524,753,2 345,376,603,584,2 1472,594,1736,786,2 1416,399,1681,607,2 458,202,654,412,1 1364,216,1563,424,1 626,117,797,280,0 776,55,1017,242,0 1019,50,1256,243,0 1238,121,1405,295,0
VOCdevkit/VOC2007/JPEGImages/259.jpg 56,905,378,1202,3 1658,1039,1999,1298,3 1594,875,1912,1179,3 1586,729,1831,925,2 1492,545,1751,771,2 160,744,428,949,2 260,560,521,788,2 388,391,613,615,1 1414,388,1632,609,1 545,293,737,448,0 735,215,986,403,0 1024,217,1284,402,0 1261,285,1472,458,0
VOCdevkit/VOC2007/JPEGImages/132.jpg 116,1002,422,1260,3 1501,1020,1795,1298,3 193,729,485,1052,2 1434,770,1725,1077,2 265,546,523,770,2 1422,590,1671,812,1 366,331,584,568,1 528,206,755,403,1 737,141,996,314,1 997,137,1252,326,1 1222,223,1442,414,1 1360,343,1581,594,1
VOCdevkit/VOC2007/JPEGImages/242.jpg 183,103,478,375,2 1552,79,1820,345,2 252,349,554,634,2 1462,319,1753,597,2 374,591,612,787,2 1425,561,1650,760,2 479,748,681,969,1 1374,721,1573,935,1 591,911,779,1092,1 761,970,925,1119,1 1268,886,1471,1063,1 1170,937,1331,1097,1 1034,968,1176,1116,1 902,1004,1054,1151,1
VOCdevkit/VOC2007/JPEGImages/128.jpg 86,0,445,320,4 1544,24,1895,339,4 193,280,543,620,3 1429,301,1773,639,3 325,570,609,803,2 1380,587,1640,809,2 475,910,673,1069,1 1260,901,1454,1078,1 631,997,829,1173,0 1121,990,1317,1159,0 805,1054,979,1211,0 975,1057,1154,1215,0
VOCdevkit/VOC2007/JPEGImages/113.jpg 156,45,461,364,4 1532,13,1831,323,4 229,330,545,662,5 1465,294,1772,630,3 368,608,600,841,2 1432,592,1673,811,2 431,807,646,1027,1 1374,788,1606,1007,1 570,963,755,1171,1 1263,939,1447,1128,1 724,1023,888,1216,0 1149,1012,1315,1202,0 889,1041,1036,1215,0 1028,1054,1186,1243,0
VOCdevkit/VOC2007/JPEGImages/199.jpg 259,205,576,513,3 1589,0,1941,324,3 1487,235,1813,554,3 332,489,583,688,2 375,673,622,876,2 1473,531,1720,726,2 1416,697,1658,905,2 460,849,671,1071,1 607,1003,805,1178,1 1347,873,1552,1089,1 1199,1006,1396,1180,1 1003,1051,1235,1268,0 766,1054,1003,1265,1
VOCdevkit/VOC2007/JPEGImages/189.jpg 125,28,465,349,4 231,243,543,549,4 1498,88,1842,390,3 1495,350,1786,531,2 288,521,579,759,2 441,745,609,945,1 583,856,830,1075,1 788,968,1083,1209,1 1070,947,1357,1183,1 1319,861,1570,1067,1 1509,748,1652,904,1 1483,514,1768,745,1
VOCdevkit/VOC2007/JPEGImages/72.jpg 33,8,365,337,4 1600,18,1928,337,3 127,311,454,654,3 258,608,519,814,2 1530,309,1820,636,2 1464,599,1717,808,2 372,780,583,1000,1 1401,780,1618,1003,1 531,936,692,1125,1 676,1016,851,1189,0 844,1046,1002,1210,0 1280,938,1470,1120,0 1160,1012,1329,1185,0 1001,1050,1159,1208,0
VOCdevkit/VOC2007/JPEGImages/211.jpg 177,971,451,1232,2 243,753,516,1037,2 1425,831,1703,1105,2 1518,1031,1786,1273,3 344,595,583,798,2 413,421,648,624,2 1434,656,1677,846,2 1377,479,1622,683,1 1360,305,1530,501,1 537,258,695,454,1 670,187,865,345,1 836,114,1055,309,1 1055,111,1270,305,1 1223,200,1403,367,1
VOCdevkit/VOC2007/JPEGImages/161.jpg 192,133,536,477,3 264,440,531,710,3 326,670,570,912,2 442,873,659,1109,1 585,991,776,1181,1 756,1045,946,1221,1 948,1047,1133,1215,0 1127,1014,1324,1204,0 1284,906,1483,1149,1 1388,719,1645,971,2 1467,531,1748,778,2 1528,230,1894,578,4 1667,36,1901,261,4
VOCdevkit/VOC2007/JPEGImages/212.jpg 183,103,478,375,3 1552,79,1820,344,3 251,349,555,634,2 1463,319,1753,597,2 374,591,612,787,2 1425,561,1650,760,2 479,748,681,969,2 1374,721,1573,935,2 591,911,778,1092,1 1268,885,1472,1064,1 1169,936,1331,1097,1 1034,975,1176,1115,1 902,1004,1054,1151,1 762,970,925,1119,1
VOCdevkit/VOC2007/JPEGImages/56.jpg 157,143,407,349,3 1282,31,1429,162,4 1256,149,1483,356,3 192,309,435,526,2 250,502,444,669,2 307,622,507,813,2 1209,310,1449,522,2 1210,498,1394,662,2 389,773,558,961,1 1147,610,1356,801,2 1112,763,1275,943,1 1014,880,1178,1032,1 508,886,674,1036,0 664,919,851,1072,0 851,919,1036,1066,0
VOCdevkit/VOC2007/JPEGImages/75.jpg 87,943,372,1223,4 1543,961,1859,1245,3 125,703,439,1003,2 1477,726,1791,1020,2 1455,563,1690,762,2 1398,382,1645,593,2 235,535,481,736,2 306,359,553,566,3 436,196,630,394,1 582,97,767,273,1 764,59,978,245,1 1340,214,1533,421,0 1221,107,1397,283,1 1014,54,1233,240,1
VOCdevkit/VOC2007/JPEGImages/119.jpg 52,71,412,343,4 1680,40,1999,343,4 123,307,429,520,2 235,468,552,710,2 1656,304,1970,517,3 1566,462,1884,712,2 378,674,630,921,1 1469,665,1736,904,1 533,873,800,1051,1 1330,835,1591,1037,0 1091,921,1373,1162,0 762,939,1046,1172,0 63,0,159,82,1 144,0,283,86,1 280,0,460,75,1 453,0,679,48,0 674,0,981,59,0 1076,0,1377,43,0
VOCdevkit/VOC2007/JPEGImages/148.jpg 134,976,444,1271,4 104,1207,373,1299,4 209,746,521,1041,4 269,573,557,782,3 295,366,596,597,2 383,179,646,417,2 572,95,769,305,3 763,68,1015,294,2 1003,55,1259,278,1 1169,148,1386,336,1 1329,184,1582,436,2 1371,379,1692,627,2 1473,565,1757,777,3 1409,777,1723,1067,3 1543,910,1848,1243,4 1639,1172,1850,1299,4
VOCdevkit/VOC2007/JPEGImages/253.jpg 248,963,522,1214,3 307,758,578,1021,3 178,1093,317,1261,2 1529,1099,1708,1283,4 1411,963,1676,1198,2 1390,735,1652,993,2 389,618,628,789,1 453,451,694,649,1 553,286,746,487,1 1382,584,1608,753,1 1317,417,1554,614,1 1270,249,1458,454,0 685,173,848,331,1 805,68,1017,252,0 1016,65,1220,252,0 1185,145,1345,301,0
VOCdevkit/VOC2007/JPEGImages/143.jpg 187,813,494,1139,4 288,545,611,868,4 420,351,681,596,2 526,171,765,419,1 703,79,902,285,1 891,75,1070,239,1 1063,58,1252,206,1 1227,48,1388,203,1 1282,185,1452,370,1 1354,272,1562,495,1 1504,358,1732,598,2 1464,597,1721,826,2 1455,797,1783,1105,4 1461,1090,1778,1275,4
VOCdevkit/VOC2007/JPEGImages/127.jpg 128,986,443,1242,4 1500,1006,1759,1298,4 1376,808,1688,1119,4 1359,644,1616,844,2 209,771,539,1087,3 298,624,568,814,2 399,291,621,502,1 1299,322,1517,532,1 1161,185,1366,356,1 560,172,761,348,0 730,84,967,286,0 967,75,1203,282,0
VOCdevkit/VOC2007/JPEGImages/248.jpg 106,1057,420,1284,4 147,847,473,1167,4 1491,948,1801,1259,3 1635,1195,1816,1299,3 1380,837,1660,1037,2 306,770,581,946,2 264,524,549,761,2 1432,622,1725,862,1 1388,412,1621,660,1 403,336,630,585,1 566,247,807,451,0 759,169,1026,385,0 1028,181,1296,386,0 1223,298,1464,497,0
VOCdevkit/VOC2007/JPEGImages/78.jpg 41,5,345,331,3 1608,5,1923,335,3 117,304,434,630,3 1539,312,1848,630,3 256,586,485,811,2 1493,590,1732,805,2 384,767,590,993,1 1413,773,1621,984,1 541,931,725,1126,1 1283,936,1466,1121,1 688,1020,867,1185,0 866,1069,1013,1215,0 1023,1074,1166,1217,0 1160,1020,1333,1191,0
